3.427300000000000000e+04 5.673830000000000000e+05 1.000000000000000000e+00 5.672203482573354449e+02
4.869700000000000000e+04 8.024560000000000000e+05 1.000000000000000000e+00 1.402569739799058880e+03
5.168700000000000000e+04 8.392420000000000000e+05 1.000000000000000000e+00 9.717311308304371096e+02
5.220400000000000000e+04 8.449140000000000000e+05 1.000000000000000000e+00 1.933951549218998025e+03
5.333000000000000000e+04 8.568940000000000000e+05 1.000000000000000000e+00 3.135303668506449412e+03
5.707400000000000000e+04 8.913320000000000000e+05 1.000000000000000000e+00 9.750911087622879450e+02
2.035100000000000000e+04 3.384690000000000000e+05 2.000000000000000000e+00 4.286542930260789035e+02
2.194200000000000000e+04 3.664150000000000000e+05 2.000000000000000000e+00 1.306465884242467723e+02
2.233200000000000000e+04 3.727580000000000000e+05 2.000000000000000000e+00 4.889700591549548108e+02
2.399500000000000000e+04 4.025640000000000000e+05 2.000000000000000000e+00 3.277184315135459656e+02
2.450800000000000000e+04 4.114590000000000000e+05 2.000000000000000000e+00 3.739512202637113205e+02
2.499300000000000000e+04 4.196270000000000000e+05 2.000000000000000000e+00 2.800764582738935928e+02
3.020700000000000000e+04 5.023750000000000000e+05 2.000000000000000000e+00 2.680020291835201078e+02
3.446100000000000000e+04 5.703220000000000000e+05 2.000000000000000000e+00 3.407268662187959194e+02
3.682400000000000000e+04 6.073120000000000000e+05 2.000000000000000000e+00 1.756518200300891067e+03
3.739500000000000000e+04 6.173260000000000000e+05 2.000000000000000000e+00 1.776701699691735030e+03
3.743200000000000000e+04 6.181210000000000000e+05 2.000000000000000000e+00 2.183612187981189891e+03
3.790800000000000000e+04 6.260550000000000000e+05 2.000000000000000000e+00 6.529442874395946092e+03
3.827100000000000000e+04 6.317920000000000000e+05 2.000000000000000000e+00 1.787532831866312790e+03
3.838800000000000000e+04 6.337330000000000000e+05 2.000000000000000000e+00 8.706499401937468292e+02
3.842300000000000000e+04 6.342840000000000000e+05 2.000000000000000000e+00 1.316994090021380998e+03
3.850300000000000000e+04 6.356760000000000000e+05 2.000000000000000000e+00 7.244072870571526437e+02
3.856300000000000000e+04 6.366410000000000000e+05 2.000000000000000000e+00 1.292194073441563205e+03
3.903500000000000000e+04 6.445370000000000000e+05 2.000000000000000000e+00 1.477134218020446269e+03
3.926100000000000000e+04 6.480080000000000000e+05 2.000000000000000000e+00 1.078452132356962011e+03
3.927600000000000000e+04 6.483640000000000000e+05 2.000000000000000000e+00 3.902361676760625414e+03
3.939200000000000000e+04 6.504180000000000000e+05 2.000000000000000000e+00 5.168663693354404813e+02
3.955000000000000000e+04 6.532260000000000000e+05 2.000000000000000000e+00 1.163367438462586506e+03
3.974600000000000000e+04 6.567990000000000000e+05 2.000000000000000000e+00 9.061753750760871071e+02
3.983800000000000000e+04 6.583260000000000000e+05 2.000000000000000000e+00 1.358465609612551134e+03
4.057700000000000000e+04 6.711560000000000000e+05 2.000000000000000000e+00 2.251884599618728316e+03
4.092200000000000000e+04 6.770700000000000000e+05 2.000000000000000000e+00 5.618110016388963004e+02
4.112400000000000000e+04 6.808120000000000000e+05 2.000000000000000000e+00 2.679802336190192818e+03
4.247800000000000000e+04 7.049330000000000000e+05 2.000000000000000000e+00 1.166634794777168281e+03
4.294700000000000000e+04 7.130040000000000000e+05 2.000000000000000000e+00 6.892531453954345579e+02
4.368200000000000000e+04 7.251730000000000000e+05 2.000000000000000000e+00 2.387380631832720610e+03
4.428700000000000000e+04 7.352130000000000000e+05 2.000000000000000000e+00 7.145292709900431873e+02
4.508800000000000000e+04 7.479290000000000000e+05 2.000000000000000000e+00 1.465979773159404886e+03
4.543900000000000000e+04 7.535330000000000000e+05 2.000000000000000000e+00 1.204673477544848993e+03
4.586200000000000000e+04 7.602680000000000000e+05 2.000000000000000000e+00 9.459934099625138515e+02
4.621200000000000000e+04 7.655370000000000000e+05 2.000000000000000000e+00 5.917128341729626300e+02
4.628000000000000000e+04 7.668730000000000000e+05 2.000000000000000000e+00 2.065047612193239274e+03
4.659300000000000000e+04 7.718380000000000000e+05 2.000000000000000000e+00 1.949406839403385220e+03
4.660000000000000000e+04 7.718920000000000000e+05 2.000000000000000000e+00 2.491132589430959797e+03
4.661500000000000000e+04 7.720800000000000000e+05 2.000000000000000000e+00 2.087107657740730701e+03
4.668400000000000000e+04 7.732250000000000000e+05 2.000000000000000000e+00 1.996687749436551258e+03
4.677800000000000000e+04 7.747220000000000000e+05 2.000000000000000000e+00 3.316259460974065405e+03
4.730700000000000000e+04 7.827620000000000000e+05 2.000000000000000000e+00 1.847698955373277158e+03
4.763800000000000000e+04 7.878000000000000000e+05 2.000000000000000000e+00 9.108436288468715247e+02
4.765600000000000000e+04 7.880910000000000000e+05 2.000000000000000000e+00 6.988600539449940925e+02
4.792400000000000000e+04 7.918490000000000000e+05 2.000000000000000000e+00 1.154132101236462631e+03
4.808200000000000000e+04 7.941240000000000000e+05 2.000000000000000000e+00 3.349480573070248283e+03
4.814900000000000000e+04 7.949360000000000000e+05 2.000000000000000000e+00 2.046097904014492542e+03
4.826000000000000000e+04 7.964680000000000000e+05 2.000000000000000000e+00 1.170072567194018120e+03
4.837200000000000000e+04 7.981670000000000000e+05 2.000000000000000000e+00 2.649069683398305642e+03
4.842100000000000000e+04 7.988400000000000000e+05 2.000000000000000000e+00 2.089780745078296604e+03
4.850700000000000000e+04 7.999010000000000000e+05 2.000000000000000000e+00 1.352959215450293868e+03
4.858900000000000000e+04 8.009230000000000000e+05 2.000000000000000000e+00 3.337061026843081436e+03
4.860300000000000000e+04 8.010980000000000000e+05 2.000000000000000000e+00 8.379337338123714289e+02
4.864700000000000000e+04 8.017700000000000000e+05 2.000000000000000000e+00 2.200128192287894763e+03
4.865200000000000000e+04 8.018380000000000000e+05 2.000000000000000000e+00 1.857779622291083342e+03
4.869800000000000000e+04 8.024570000000000000e+05 2.000000000000000000e+00 1.397634899571415190e+03
4.905200000000000000e+04 8.071130000000000000e+05 2.000000000000000000e+00 2.960940348943220215e+03
4.919500000000000000e+04 8.088990000000000000e+05 2.000000000000000000e+00 4.620316716687287908e+02
4.932900000000000000e+04 8.107710000000000000e+05 2.000000000000000000e+00 9.712068483013800915e+02
4.935800000000000000e+04 8.111870000000000000e+05 2.000000000000000000e+00 8.240040107555369104e+02
4.939500000000000000e+04 8.117010000000000000e+05 2.000000000000000000e+00 3.169328847524346202e+03
4.946100000000000000e+04 8.124650000000000000e+05 2.000000000000000000e+00 3.120435882012319325e+03
4.948600000000000000e+04 8.127820000000000000e+05 2.000000000000000000e+00 4.406648696501118138e+03
4.948900000000000000e+04 8.128220000000000000e+05 2.000000000000000000e+00 2.644242164590830271e+03
4.949400000000000000e+04 8.129020000000000000e+05 2.000000000000000000e+00 1.709495079191879313e+03
4.961800000000000000e+04 8.145470000000000000e+05 2.000000000000000000e+00 2.775421189178995519e+03
4.966000000000000000e+04 8.150770000000000000e+05 2.000000000000000000e+00 2.350554891270357075e+03
4.976100000000000000e+04 8.164050000000000000e+05 2.000000000000000000e+00 6.610762626202819774e+03
4.989200000000000000e+04 8.181070000000000000e+05 2.000000000000000000e+00 4.559219488437686778e+03
5.010600000000000000e+04 8.207030000000000000e+05 2.000000000000000000e+00 2.570742222674115965e+03
5.014300000000000000e+04 8.210680000000000000e+05 2.000000000000000000e+00 2.400805730635030159e+03
5.018000000000000000e+04 8.214600000000000000e+05 2.000000000000000000e+00 2.392369606066597953e+03
5.023400000000000000e+04 8.220860000000000000e+05 2.000000000000000000e+00 6.909173702404651749e+02
5.044200000000000000e+04 8.248310000000000000e+05 2.000000000000000000e+00 6.699747905486467516e+02
5.054000000000000000e+04 8.258320000000000000e+05 2.000000000000000000e+00 2.585739546048673674e+03
5.055100000000000000e+04 8.259800000000000000e+05 2.000000000000000000e+00 1.074170557555340110e+03
5.058600000000000000e+04 8.263800000000000000e+05 2.000000000000000000e+00 2.446366361565658735e+03
5.067900000000000000e+04 8.275830000000000000e+05 2.000000000000000000e+00 1.139302064999664708e+03
5.087000000000000000e+04 8.299430000000000000e+05 2.000000000000000000e+00 1.423903022464245169e+03
5.091700000000000000e+04 8.306120000000000000e+05 2.000000000000000000e+00 1.133151585457567990e+03
5.094100000000000000e+04 8.308660000000000000e+05 2.000000000000000000e+00 3.054530265134886577e+03
5.097200000000000000e+04 8.312900000000000000e+05 2.000000000000000000e+00 7.789552567331370483e+02
5.098200000000000000e+04 8.314430000000000000e+05 2.000000000000000000e+00 2.436169173556610986e+03
5.107500000000000000e+04 8.325140000000000000e+05 2.000000000000000000e+00 5.428841467360634852e+02
5.113000000000000000e+04 8.331510000000000000e+05 2.000000000000000000e+00 1.866936477896342240e+03
5.125800000000000000e+04 8.347320000000000000e+05 2.000000000000000000e+00 4.257672471550624323e+03
5.127200000000000000e+04 8.349450000000000000e+05 2.000000000000000000e+00 3.017188777835047858e+03
5.127700000000000000e+04 8.350060000000000000e+05 2.000000000000000000e+00 5.008122964245187177e+03
5.128400000000000000e+04 8.350770000000000000e+05 2.000000000000000000e+00 8.482374936909620828e+02
5.137900000000000000e+04 8.361160000000000000e+05 2.000000000000000000e+00 1.303749931088205358e+03
5.151300000000000000e+04 8.375550000000000000e+05 2.000000000000000000e+00 4.482750475782139802e+03
5.156600000000000000e+04 8.381200000000000000e+05 2.000000000000000000e+00 3.436225427340295937e+03
5.160400000000000000e+04 8.384450000000000000e+05 2.000000000000000000e+00 1.038188155786923744e+03
5.166500000000000000e+04 8.390340000000000000e+05 2.000000000000000000e+00 5.395192130965809838e+02
5.173500000000000000e+04 8.397910000000000000e+05 2.000000000000000000e+00 3.105205043866857977e+03
5.183800000000000000e+04 8.409540000000000000e+05 2.000000000000000000e+00 4.543580498901719693e+03
5.197100000000000000e+04 8.423840000000000000e+05 2.000000000000000000e+00 1.935633677055265707e+03
5.200900000000000000e+04 8.427860000000000000e+05 2.000000000000000000e+00 1.641409103103184407e+03
5.208500000000000000e+04 8.436480000000000000e+05 2.000000000000000000e+00 1.223851443089228496e+03
5.211200000000000000e+04 8.439230000000000000e+05 2.000000000000000000e+00 2.210447492433177558e+03
5.219100000000000000e+04 8.448070000000000000e+05 2.000000000000000000e+00 5.913323773731531219e+02
5.226500000000000000e+04 8.456470000000000000e+05 2.000000000000000000e+00 1.920267347923200077e+03
5.227800000000000000e+04 8.457660000000000000e+05 2.000000000000000000e+00 5.000131107656077802e+03
5.229100000000000000e+04 8.459190000000000000e+05 2.000000000000000000e+00 2.129087161349905728e+03
5.231500000000000000e+04 8.462330000000000000e+05 2.000000000000000000e+00 5.859991334251271837e+02
5.232900000000000000e+04 8.463450000000000000e+05 2.000000000000000000e+00 3.520801031903109561e+03
5.233100000000000000e+04 8.463750000000000000e+05 2.000000000000000000e+00 2.081495916402432158e+03
5.235900000000000000e+04 8.467180000000000000e+05 2.000000000000000000e+00 7.437624047022258083e+02
5.237600000000000000e+04 8.469030000000000000e+05 2.000000000000000000e+00 1.264861960787101680e+03
5.238300000000000000e+04 8.469800000000000000e+05 2.000000000000000000e+00 1.565460799772705968e+03
5.240700000000000000e+04 8.472480000000000000e+05 2.000000000000000000e+00 1.873819716014590313e+03
5.241700000000000000e+04 8.473460000000000000e+05 2.000000000000000000e+00 1.821240316120445414e+03
5.241800000000000000e+04 8.473520000000000000e+05 2.000000000000000000e+00 2.548769592862407080e+03
5.243200000000000000e+04 8.475020000000000000e+05 2.000000000000000000e+00 1.572259937955553141e+03
5.261700000000000000e+04 8.494120000000000000e+05 2.000000000000000000e+00 2.446261810140116722e+03
5.268200000000000000e+04 8.501300000000000000e+05 2.000000000000000000e+00 9.059141942500680216e+02
5.268700000000000000e+04 8.501850000000000000e+05 2.000000000000000000e+00 3.752700037348109163e+03
5.270300000000000000e+04 8.503690000000000000e+05 2.000000000000000000e+00 1.879151852191235321e+03
5.275300000000000000e+04 8.508750000000000000e+05 2.000000000000000000e+00 2.650935173655115250e+03
5.287300000000000000e+04 8.522360000000000000e+05 2.000000000000000000e+00 1.263413265751996505e+03
5.301100000000000000e+04 8.536950000000000000e+05 2.000000000000000000e+00 3.152825984335323028e+03
5.307800000000000000e+04 8.543230000000000000e+05 2.000000000000000000e+00 2.412772128434427941e+03
5.313400000000000000e+04 8.548480000000000000e+05 2.000000000000000000e+00 1.904629607918393958e+03
5.317300000000000000e+04 8.552430000000000000e+05 2.000000000000000000e+00 3.201419001786551689e+03
5.321700000000000000e+04 8.557000000000000000e+05 2.000000000000000000e+00 2.475308474995938468e+03
5.322400000000000000e+04 8.557540000000000000e+05 2.000000000000000000e+00 3.252598025055917788e+03
5.337400000000000000e+04 8.572860000000000000e+05 2.000000000000000000e+00 4.174516311801883603e+03
5.338100000000000000e+04 8.573630000000000000e+05 2.000000000000000000e+00 2.389409429519143941e+03
5.358000000000000000e+04 8.593860000000000000e+05 2.000000000000000000e+00 1.343754040691599130e+03
5.361400000000000000e+04 8.597460000000000000e+05 2.000000000000000000e+00 3.411124722873674386e+02
5.366400000000000000e+04 8.602760000000000000e+05 2.000000000000000000e+00 9.560266038073940535e+02
5.367300000000000000e+04 8.603520000000000000e+05 2.000000000000000000e+00 4.435703143245724277e+03
5.411200000000000000e+04 8.647660000000000000e+05 2.000000000000000000e+00 7.314730702030327620e+02
5.413100000000000000e+04 8.649790000000000000e+05 2.000000000000000000e+00 1.075565071751485220e+03
5.413700000000000000e+04 8.650490000000000000e+05 2.000000000000000000e+00 5.822037521215188463e+02
5.415400000000000000e+04 8.652350000000000000e+05 2.000000000000000000e+00 1.002232597597733275e+03
5.424300000000000000e+04 8.661140000000000000e+05 2.000000000000000000e+00 2.713452154313762549e+03
5.426900000000000000e+04 8.663570000000000000e+05 2.000000000000000000e+00 1.467844178123141319e+03
5.427100000000000000e+04 8.663760000000000000e+05 2.000000000000000000e+00 7.214748625391869155e+02
5.451700000000000000e+04 8.686710000000000000e+05 2.000000000000000000e+00 1.175075774235564950e+03
5.452400000000000000e+04 8.687280000000000000e+05 2.000000000000000000e+00 2.611102394553639442e+03
5.460100000000000000e+04 8.695290000000000000e+05 2.000000000000000000e+00 2.497323530485781703e+03
5.463700000000000000e+04 8.698840000000000000e+05 2.000000000000000000e+00 6.692397211515956315e+02
5.466800000000000000e+04 8.701420000000000000e+05 2.000000000000000000e+00 1.741212477162106779e+03
5.473900000000000000e+04 8.707870000000000000e+05 2.000000000000000000e+00 1.655312630970355485e+03
5.493700000000000000e+04 8.725860000000000000e+05 2.000000000000000000e+00 1.789920502773796443e+03
5.508000000000000000e+04 8.739440000000000000e+05 2.000000000000000000e+00 3.022861434138190816e+03
5.517500000000000000e+04 8.748470000000000000e+05 2.000000000000000000e+00 1.789383665495957757e+03
5.544600000000000000e+04 8.772030000000000000e+05 2.000000000000000000e+00 1.117632289079798284e+03
5.545700000000000000e+04 8.772570000000000000e+05 2.000000000000000000e+00 1.083993416291123140e+03
5.546900000000000000e+04 8.773350000000000000e+05 2.000000000000000000e+00 3.044664993373655307e+03
5.561600000000000000e+04 8.786000000000000000e+05 2.000000000000000000e+00 1.599468554317339567e+03
5.564700000000000000e+04 8.788540000000000000e+05 2.000000000000000000e+00 7.154958910554186104e+02
5.581000000000000000e+04 8.804030000000000000e+05 2.000000000000000000e+00 1.829243783195497144e+03
5.582100000000000000e+04 8.805090000000000000e+05 2.000000000000000000e+00 1.322467249121882787e+03
5.587500000000000000e+04 8.809560000000000000e+05 2.000000000000000000e+00 7.319552074965038173e+02
5.591500000000000000e+04 8.813650000000000000e+05 2.000000000000000000e+00 1.397879353699738886e+03
5.608700000000000000e+04 8.829130000000000000e+05 2.000000000000000000e+00 9.241209505524695942e+02
5.618500000000000000e+04 8.838120000000000000e+05 2.000000000000000000e+00 1.412578006695559452e+03
5.622500000000000000e+04 8.841340000000000000e+05 2.000000000000000000e+00 1.132383282532716521e+03
5.667400000000000000e+04 8.880590000000000000e+05 2.000000000000000000e+00 1.630168496850862311e+03
5.676200000000000000e+04 8.888010000000000000e+05 2.000000000000000000e+00 1.917381266351942713e+03
5.690500000000000000e+04 8.899940000000000000e+05 2.000000000000000000e+00 5.731941948074295397e+02
5.753200000000000000e+04 8.950630000000000000e+05 2.000000000000000000e+00 1.201706957851550442e+03
5.825800000000000000e+04 9.006570000000000000e+05 2.000000000000000000e+00 1.167335668306250227e+03
6.337500000000000000e+04 9.366510000000000000e+05 2.000000000000000000e+00 7.833775176011931762e+02
5.253200000000000000e+04 8.484880000000000000e+05 3.000000000000000000e+00 1.510246805678628107e+03
4.967900000000000000e+04 8.153050000000000000e+05 3.000000000000000000e+00 5.634365325225462584e+02
5.113000000000000000e+04 8.331510000000000000e+05 3.000000000000000000e+00 1.866936477896342240e+03
4.844400000000000000e+04 7.991740000000000000e+05 3.000000000000000000e+00 1.088083564690690537e+03
5.471500000000000000e+04 8.705700000000000000e+05 3.000000000000000000e+00 4.641281834828876072e+02
5.584700000000000000e+04 8.807430000000000000e+05 3.000000000000000000e+00 1.065139097086656648e+03
4.971200000000000000e+04 8.157150000000000000e+05 3.000000000000000000e+00 3.036359221686412639e+03
4.991500000000000000e+04 8.183640000000000000e+05 3.000000000000000000e+00 2.189098303618411592e+03
4.789100000000000000e+04 7.913950000000000000e+05 3.000000000000000000e+00 5.343401725492853075e+03
5.088900000000000000e+04 8.302160000000000000e+05 3.000000000000000000e+00 3.523801480645582615e+03
5.283500000000000000e+04 8.518230000000000000e+05 3.000000000000000000e+00 2.857059039100395239e+03
5.041300000000000000e+04 8.244410000000000000e+05 3.000000000000000000e+00 1.345792636446083407e+03
4.865200000000000000e+04 8.018380000000000000e+05 3.000000000000000000e+00 1.857779622291083342e+03
5.376300000000000000e+04 8.612490000000000000e+05 3.000000000000000000e+00 1.033289174228649699e+03
4.755400000000000000e+04 7.866380000000000000e+05 3.000000000000000000e+00 2.331629823280809887e+03
5.424000000000000000e+04 8.660780000000000000e+05 3.000000000000000000e+00 2.351399969317075829e+03
5.667300000000000000e+04 8.880520000000000000e+05 3.000000000000000000e+00 1.155910724505722328e+03
4.992100000000000000e+04 8.184400000000000000e+05 3.000000000000000000e+00 1.823492665189525724e+03
5.457600000000000000e+04 8.692620000000000000e+05 4.000000000000000000e+00 1.133809308847005695e+03
4.613500000000000000e+04 7.644680000000000000e+05 4.000000000000000000e+00 2.521541122842495042e+03
5.437800000000000000e+04 8.674090000000000000e+05 4.000000000000000000e+00 1.007754360726114669e+03
5.331100000000000000e+04 8.567150000000000000e+05 4.000000000000000000e+00 5.474837683653599925e+02
3.325600000000000000e+04 5.504770000000000000e+05 4.000000000000000000e+00 1.121804482463410295e+03
5.218700000000000000e+04 8.447590000000000000e+05 4.000000000000000000e+00 9.334276327106523468e+02
5.612400000000000000e+04 8.832270000000000000e+05 4.000000000000000000e+00 9.552792458229164367e+02
4.932900000000000000e+04 8.107710000000000000e+05 4.000000000000000000e+00 9.712068483013800915e+02
5.206000000000000000e+04 8.433760000000000000e+05 4.000000000000000000e+00 2.029041483989423114e+03
5.132800000000000000e+04 8.355870000000000000e+05 4.000000000000000000e+00 3.571197663249683501e+03
5.490000000000000000e+04 8.722660000000000000e+05 4.000000000000000000e+00 1.612520113731143510e+03
5.199200000000000000e+04 8.426180000000000000e+05 4.000000000000000000e+00 2.102482415313303136e+03
4.834100000000000000e+04 7.977360000000000000e+05 4.000000000000000000e+00 2.359929095531791518e+03
5.396400000000000000e+04 8.632400000000000000e+05 4.000000000000000000e+00 5.679049027043391789e+02
5.186900000000000000e+04 8.412760000000000000e+05 4.000000000000000000e+00 8.630404297871946255e+02
3.818500000000000000e+04 6.304010000000000000e+05 4.000000000000000000e+00 2.678759437687527679e+03
5.074500000000000000e+04 8.284380000000000000e+05 4.000000000000000000e+00 2.698116524772419780e+03
4.510200000000000000e+04 7.481490000000000000e+05 4.000000000000000000e+00 1.266954178581451288e+03
4.542900000000000000e+04 7.533390000000000000e+05 4.000000000000000000e+00 2.392640163736494742e+03
5.401500000000000000e+04 8.637340000000000000e+05 4.000000000000000000e+00 9.608763811864016589e+02
4.623900000000000000e+04 7.660180000000000000e+05 4.000000000000000000e+00 4.709309377445912105e+03
4.922600000000000000e+04 8.093210000000000000e+05 4.000000000000000000e+00 1.139473365007075017e+03
5.166300000000000000e+04 8.390220000000000000e+05 4.000000000000000000e+00 2.061560208237319330e+03
2.035100000000000000e+04 3.384690000000000000e+05 4.000000000000000000e+00 4.286542930260789035e+02
4.993400000000000000e+04 8.186200000000000000e+05 4.000000000000000000e+00 1.809905954048441799e+03
3.365800000000000000e+04 5.570780000000000000e+05 4.000000000000000000e+00 1.218206596805320260e+03
5.303200000000000000e+04 8.539150000000000000e+05 4.000000000000000000e+00 2.230634591251444817e+03
5.223800000000000000e+04 8.453020000000000000e+05 4.000000000000000000e+00 2.274027132300206176e+03
4.999700000000000000e+04 8.193470000000000000e+05 4.000000000000000000e+00 1.554133575000975497e+03
5.172400000000000000e+04 8.396640000000000000e+05 4.000000000000000000e+00 1.191382042786863622e+03
2.285000000000000000e+04 3.822190000000000000e+05 4.000000000000000000e+00 2.898800358961990469e+02
5.063700000000000000e+04 8.270250000000000000e+05 4.000000000000000000e+00 3.317385180756072714e+03
3.443600000000000000e+04 5.698800000000000000e+05 4.000000000000000000e+00 1.453375123634638157e+03
5.350600000000000000e+04 8.585520000000000000e+05 4.000000000000000000e+00 2.512595250060184298e+03
5.303700000000000000e+04 8.539700000000000000e+05 4.000000000000000000e+00 7.582718736541663702e+02
5.038800000000000000e+04 8.241440000000000000e+05 4.000000000000000000e+00 6.065836135074712274e+02
3.051000000000000000e+04 5.067220000000000000e+05 4.000000000000000000e+00 4.674189156945014361e+02
5.187200000000000000e+04 8.413120000000000000e+05 4.000000000000000000e+00 1.107636141212257598e+03
3.632300000000000000e+04 5.989950000000000000e+05 4.000000000000000000e+00 5.075914822512331170e+02
4.046000000000000000e+03 6.399700000000000000e+04 4.000000000000000000e+00 4.758421748758983085e+02
5.049800000000000000e+04 8.254330000000000000e+05 4.000000000000000000e+00 2.301850329083105407e+03
5.156900000000000000e+04 8.381480000000000000e+05 4.000000000000000000e+00 1.075561771819731348e+03
5.243200000000000000e+04 8.475020000000000000e+05 4.000000000000000000e+00 1.572259937955553141e+03
5.561500000000000000e+04 8.785980000000000000e+05 4.000000000000000000e+00 1.154114500927009431e+03
4.922700000000000000e+04 8.093680000000000000e+05 4.000000000000000000e+00 1.917114791816076831e+03
5.070300000000000000e+04 8.279060000000000000e+05 4.000000000000000000e+00 1.402517844390226628e+03
5.475700000000000000e+04 8.709400000000000000e+05 4.000000000000000000e+00 8.931638877992941161e+02
5.581000000000000000e+04 8.804030000000000000e+05 4.000000000000000000e+00 1.829243783195497144e+03
5.037000000000000000e+04 8.238760000000000000e+05 4.000000000000000000e+00 9.369748362416142982e+02
5.154100000000000000e+04 8.378210000000000000e+05 4.000000000000000000e+00 4.604082916282025508e+03
5.054900000000000000e+04 8.259530000000000000e+05 4.000000000000000000e+00 3.833287957158971494e+03
3.392400000000000000e+04 5.616770000000000000e+05 4.000000000000000000e+00 1.871465915753777381e+03
4.709500000000000000e+04 7.795290000000000000e+05 4.000000000000000000e+00 2.174504922102959881e+03
1.007300000000000000e+04 1.674630000000000000e+05 4.000000000000000000e+00 2.603020751038007461e+02
5.183900000000000000e+04 8.409680000000000000e+05 4.000000000000000000e+00 1.311584386974964673e+03
4.780500000000000000e+04 7.900490000000000000e+05 4.000000000000000000e+00 3.047352618334273302e+03
5.243200000000000000e+04 8.475020000000000000e+05 4.000000000000000000e+00 1.572259937955553141e+03
4.828500000000000000e+04 7.968940000000000000e+05 4.000000000000000000e+00 5.994516569853652754e+02
5.032200000000000000e+04 8.232580000000000000e+05 4.000000000000000000e+00 1.097641084859652665e+03
4.258300000000000000e+04 7.067540000000000000e+05 4.000000000000000000e+00 4.545314015554920843e+03
4.919700000000000000e+04 8.089580000000000000e+05 4.000000000000000000e+00 1.191116653225785740e+03
5.114200000000000000e+04 8.332730000000000000e+05 4.000000000000000000e+00 1.402157777849143940e+03
5.041500000000000000e+04 8.244690000000000000e+05 4.000000000000000000e+00 2.033028235093526746e+03
4.948600000000000000e+04 8.127820000000000000e+05 4.000000000000000000e+00 4.406648696501118138e+03
5.350800000000000000e+04 8.585860000000000000e+05 4.000000000000000000e+00 6.153598891810308942e+02
5.149700000000000000e+04 8.373470000000000000e+05 4.000000000000000000e+00 2.111942500400993595e+03
5.180000000000000000e+04 8.405470000000000000e+05 4.000000000000000000e+00 2.241032978896116219e+03
4.981700000000000000e+04 8.170950000000000000e+05 4.000000000000000000e+00 5.118495363019292199e+03
5.215500000000000000e+04 8.444230000000000000e+05 4.000000000000000000e+00 1.346826019991075100e+03
4.917700000000000000e+04 8.086620000000000000e+05 4.000000000000000000e+00 2.678775253614046505e+03
4.740500000000000000e+04 7.842600000000000000e+05 4.000000000000000000e+00 7.786677424453898766e+02
5.257000000000000000e+04 8.489080000000000000e+05 4.000000000000000000e+00 9.050042321206293536e+02
5.135600000000000000e+04 8.358750000000000000e+05 4.000000000000000000e+00 6.001528987553591605e+02
3.404700000000000000e+04 5.637330000000000000e+05 4.000000000000000000e+00 1.810954841846970112e+03
5.476800000000000000e+04 8.710250000000000000e+05 4.000000000000000000e+00 8.999565614517180165e+02
5.163800000000000000e+04 8.388140000000000000e+05 4.000000000000000000e+00 2.706841605730860920e+03
5.183800000000000000e+04 8.409540000000000000e+05 4.000000000000000000e+00 4.543580498901719693e+03
6.036200000000000000e+04 9.164770000000000000e+05 4.000000000000000000e+00 2.010329543880803612e+03
4.840300000000000000e+04 7.985230000000000000e+05 4.000000000000000000e+00 2.139732670766081810e+03
1.820000000000000000e+02 1.820000000000000000e+02 4.000000000000000000e+00 3.393925766806885349e+02
4.719400000000000000e+04 7.810140000000000000e+05 4.000000000000000000e+00 7.584245395730299606e+02
2.761700000000000000e+04 4.617860000000000000e+05 4.000000000000000000e+00 3.069313084796010003e+02
5.068000000000000000e+04 8.276040000000000000e+05 4.000000000000000000e+00 1.971439401173670376e+03
4.751500000000000000e+04 7.859680000000000000e+05 4.000000000000000000e+00 3.622947940731414747e+03
5.041100000000000000e+04 8.244070000000000000e+05 4.000000000000000000e+00 1.168806452800841953e+03
5.045300000000000000e+04 8.249610000000000000e+05 4.000000000000000000e+00 1.376482870142914180e+03
5.221800000000000000e+04 8.450830000000000000e+05 4.000000000000000000e+00 2.658965235580081298e+03
4.628600000000000000e+04 7.669600000000000000e+05 4.000000000000000000e+00 1.233662639780042355e+03
4.089000000000000000e+04 6.765270000000000000e+05 4.000000000000000000e+00 1.223285122814472288e+03
4.762400000000000000e+04 7.876530000000000000e+05 4.000000000000000000e+00 1.761977466867837165e+03
4.790300000000000000e+04 7.916150000000000000e+05 4.000000000000000000e+00 2.981137117883879000e+03
5.145500000000000000e+04 8.369910000000000000e+05 4.000000000000000000e+00 5.709056575621104912e+02
4.748600000000000000e+04 7.855800000000000000e+05 4.000000000000000000e+00 1.395483793453635144e+03
5.041800000000000000e+04 8.245120000000000000e+05 4.000000000000000000e+00 1.038143735573474942e+03
5.026000000000000000e+04 8.224390000000000000e+05 4.000000000000000000e+00 3.993675877163896985e+03
4.827700000000000000e+04 7.967650000000000000e+05 4.000000000000000000e+00 2.634548134880059479e+03
4.774500000000000000e+04 7.892570000000000000e+05 4.000000000000000000e+00 9.338903157864053810e+02
1.110700000000000000e+04 1.849690000000000000e+05 4.000000000000000000e+00 2.611172628831459406e+02
2.929000000000000000e+04 4.877450000000000000e+05 4.000000000000000000e+00 4.881574332702334686e+02
4.844200000000000000e+04 7.991430000000000000e+05 4.000000000000000000e+00 2.177164406185830558e+03
4.973000000000000000e+04 8.159740000000000000e+05 4.000000000000000000e+00 2.106306690631732181e+03
4.915400000000000000e+04 8.083290000000000000e+05 4.000000000000000000e+00 1.852347591465860660e+03
5.068300000000000000e+04 8.276470000000000000e+05 4.000000000000000000e+00 1.237776418781124221e+03
5.323700000000000000e+04 8.559040000000000000e+05 4.000000000000000000e+00 5.068401965590559257e+02
5.277200000000000000e+04 8.511150000000000000e+05 4.000000000000000000e+00 1.970332249246673427e+03
4.922200000000000000e+04 8.092600000000000000e+05 4.000000000000000000e+00 1.796101722606272233e+03
3.930300000000000000e+04 6.489120000000000000e+05 4.000000000000000000e+00 5.627639402982390493e+03
5.070700000000000000e+04 8.279570000000000000e+05 4.000000000000000000e+00 1.481126345049604424e+03
5.203500000000000000e+04 8.430600000000000000e+05 4.000000000000000000e+00 1.021612338423695405e+03
3.838300000000000000e+04 6.337280000000000000e+05 4.000000000000000000e+00 9.208529588783434292e+02
5.173900000000000000e+04 8.398300000000000000e+05 4.000000000000000000e+00 4.440998276282192819e+03
5.134000000000000000e+04 8.357290000000000000e+05 4.000000000000000000e+00 7.806495367440820701e+02
4.660700000000000000e+04 7.719800000000000000e+05 4.000000000000000000e+00 1.741126902504524423e+03
4.928900000000000000e+04 8.102530000000000000e+05 4.000000000000000000e+00 1.157311749000674354e+03
4.741900000000000000e+04 7.844610000000000000e+05 4.000000000000000000e+00 4.056448858761811152e+03
4.779700000000000000e+04 7.899350000000000000e+05 4.000000000000000000e+00 1.855920672160132654e+03
5.407200000000000000e+04 8.643660000000000000e+05 4.000000000000000000e+00 9.971737081857278326e+02
3.454000000000000000e+04 5.714560000000000000e+05 4.000000000000000000e+00 1.366135750455230209e+03
4.941500000000000000e+04 8.119100000000000000e+05 4.000000000000000000e+00 1.771077814496020437e+03
5.049500000000000000e+04 8.253810000000000000e+05 4.000000000000000000e+00 1.856670731464824030e+03
3.614000000000000000e+04 5.964020000000000000e+05 4.000000000000000000e+00 1.258401065712954733e+03
4.996800000000000000e+04 8.189600000000000000e+05 4.000000000000000000e+00 2.343426711036639063e+03
5.019300000000000000e+04 8.216080000000000000e+05 4.000000000000000000e+00 1.688009545177211066e+03
5.338100000000000000e+04 8.573630000000000000e+05 4.000000000000000000e+00 2.389409429519143941e+03
7.294000000000000000e+03 1.173260000000000000e+05 4.000000000000000000e+00 3.366213058682607198e+02
4.937900000000000000e+04 8.114500000000000000e+05 4.000000000000000000e+00 2.809899275472536829e+03
4.874800000000000000e+04 8.031210000000000000e+05 4.000000000000000000e+00 2.571620444571379721e+03
4.068200000000000000e+04 6.729560000000000000e+05 4.000000000000000000e+00 1.283708586235598887e+03
3.051000000000000000e+04 5.067220000000000000e+05 4.000000000000000000e+00 4.674189156945014361e+02
4.631500000000000000e+04 7.674670000000000000e+05 4.000000000000000000e+00 1.528258250836552861e+03
2.929000000000000000e+04 4.877450000000000000e+05 4.000000000000000000e+00 4.881574332702334686e+02
4.897400000000000000e+04 8.059760000000000000e+05 4.000000000000000000e+00 3.431280263983109762e+03
4.542000000000000000e+04 7.532580000000000000e+05 4.000000000000000000e+00 7.756340425540578281e+02
5.159000000000000000e+04 8.383570000000000000e+05 4.000000000000000000e+00 1.737796131516684909e+03
5.296100000000000000e+04 8.531810000000000000e+05 4.000000000000000000e+00 3.478221532802360343e+03
5.157400000000000000e+04 8.381930000000000000e+05 4.000000000000000000e+00 8.207663703468745098e+02
5.188800000000000000e+04 8.414550000000000000e+05 4.000000000000000000e+00 2.439138539013313220e+03
5.254900000000000000e+04 8.486840000000000000e+05 4.000000000000000000e+00 4.805802690498227093e+03
2.248700000000000000e+04 3.750990000000000000e+05 4.000000000000000000e+00 3.473434168351978428e+02
5.181300000000000000e+04 8.406590000000000000e+05 4.000000000000000000e+00 2.385566556585340095e+03
5.171000000000000000e+04 8.394850000000000000e+05 4.000000000000000000e+00 2.668873346095689158e+03
4.670300000000000000e+04 7.735610000000000000e+05 4.000000000000000000e+00 2.784711654731957879e+03
5.466000000000000000e+04 8.700920000000000000e+05 4.000000000000000000e+00 5.277063731164539604e+02
3.844500000000000000e+04 6.347080000000000000e+05 4.000000000000000000e+00 1.729957140935189727e+03
2.473600000000000000e+04 4.149230000000000000e+05 4.000000000000000000e+00 4.067925919810057280e+02
4.406400000000000000e+04 7.317480000000000000e+05 4.000000000000000000e+00 1.420808171896588192e+03
5.178100000000000000e+04 8.403370000000000000e+05 4.000000000000000000e+00 1.713672202601404706e+03
2.630400000000000000e+04 4.391020000000000000e+05 4.000000000000000000e+00 2.016160515101972237e+02
3.614000000000000000e+04 5.964020000000000000e+05 4.000000000000000000e+00 1.258401065712954733e+03
4.675000000000000000e+04 7.741760000000000000e+05 4.000000000000000000e+00 2.696409221075317419e+03
4.902000000000000000e+04 8.066880000000000000e+05 4.000000000000000000e+00 1.039363574801907362e+03
5.068900000000000000e+04 8.277550000000000000e+05 4.000000000000000000e+00 1.371599072478907829e+03
4.589400000000000000e+04 7.608520000000000000e+05 4.000000000000000000e+00 2.997333732022765616e+03
5.216900000000000000e+04 8.445540000000000000e+05 4.000000000000000000e+00 2.455550994685306705e+03
2.194200000000000000e+04 3.664150000000000000e+05 4.000000000000000000e+00 1.306465884242467723e+02
3.474200000000000000e+04 5.742880000000000000e+05 4.000000000000000000e+00 9.153627350186191052e+02
4.948600000000000000e+04 8.127820000000000000e+05 4.000000000000000000e+00 4.406648696501118138e+03
3.842600000000000000e+04 6.342870000000000000e+05 4.000000000000000000e+00 1.469418397115420021e+03
4.294700000000000000e+04 7.130040000000000000e+05 4.000000000000000000e+00 6.892531453954345579e+02
5.292200000000000000e+04 8.527510000000000000e+05 4.000000000000000000e+00 2.139579054685757455e+03
5.221800000000000000e+04 8.450830000000000000e+05 4.000000000000000000e+00 2.658965235580081298e+03
5.374200000000000000e+04 8.610280000000000000e+05 4.000000000000000000e+00 1.135119571682473179e+03
5.452400000000000000e+04 8.687280000000000000e+05 4.000000000000000000e+00 2.611102394553639442e+03
5.088300000000000000e+04 8.300960000000000000e+05 4.000000000000000000e+00 2.510057064839363193e+03
3.310700000000000000e+04 5.484210000000000000e+05 4.000000000000000000e+00 1.213913353934033921e+03
5.227100000000000000e+04 8.457090000000000000e+05 4.000000000000000000e+00 1.728632199529442914e+03
4.803300000000000000e+04 7.934300000000000000e+05 4.000000000000000000e+00 1.744232497090410789e+03
3.855500000000000000e+04 6.364690000000000000e+05 4.000000000000000000e+00 2.217151452314433300e+03
5.032000000000000000e+04 8.232360000000000000e+05 4.000000000000000000e+00 1.887317909263036654e+03
4.986100000000000000e+04 8.177340000000000000e+05 4.000000000000000000e+00 1.074580694151634361e+03
4.913000000000000000e+04 8.080340000000000000e+05 4.000000000000000000e+00 1.748539297192981394e+03
5.302100000000000000e+04 8.538290000000000000e+05 4.000000000000000000e+00 6.729120136578035272e+02
3.525300000000000000e+04 5.826140000000000000e+05 4.000000000000000000e+00 5.610872715541217985e+02
5.068300000000000000e+04 8.276470000000000000e+05 4.000000000000000000e+00 1.237776418781124221e+03
4.377200000000000000e+04 7.268840000000000000e+05 4.000000000000000000e+00 1.145236283382337888e+03
3.470100000000000000e+04 5.737400000000000000e+05 4.000000000000000000e+00 4.058570154527176328e+02
5.199200000000000000e+04 8.426180000000000000e+05 4.000000000000000000e+00 2.102482415313303136e+03
5.067600000000000000e+04 8.275320000000000000e+05 4.000000000000000000e+00 1.538618028459305378e+03
3.059000000000000000e+04 5.077880000000000000e+05 4.000000000000000000e+00 4.723424787549052439e+02
5.386800000000000000e+04 8.623310000000000000e+05 4.000000000000000000e+00 1.673938546605728789e+03
5.238100000000000000e+04 8.469570000000000000e+05 4.000000000000000000e+00 2.174492771314726724e+03
5.370500000000000000e+04 8.607130000000000000e+05 4.000000000000000000e+00 3.096015921460595564e+03
5.301100000000000000e+04 8.536950000000000000e+05 4.000000000000000000e+00 3.152825984335323028e+03
5.107300000000000000e+04 8.325010000000000000e+05 4.000000000000000000e+00 1.181251749337329102e+03
5.067200000000000000e+04 8.275080000000000000e+05 4.000000000000000000e+00 2.510691769050850326e+03
4.172200000000000000e+04 6.917770000000000000e+05 4.000000000000000000e+00 1.946336490531634581e+03
5.092300000000000000e+04 8.306670000000000000e+05 4.000000000000000000e+00 4.760638533852365072e+03
5.255300000000000000e+04 8.487510000000000000e+05 4.000000000000000000e+00 1.809944897296599947e+03
5.165400000000000000e+04 8.389690000000000000e+05 4.000000000000000000e+00 2.723425531385060822e+03
5.079800000000000000e+04 8.290930000000000000e+05 4.000000000000000000e+00 4.066512656749023336e+03
5.089200000000000000e+04 8.302570000000000000e+05 4.000000000000000000e+00 3.747871195759000329e+03
2.732200000000000000e+04 4.563350000000000000e+05 4.000000000000000000e+00 3.063600822561581936e+02
5.411500000000000000e+04 8.647940000000000000e+05 4.000000000000000000e+00 9.751240305725216331e+02
5.179200000000000000e+04 8.404690000000000000e+05 4.000000000000000000e+00 1.168630282972869963e+03
2.483000000000000000e+04 4.167210000000000000e+05 4.000000000000000000e+00 4.303277703262252203e+02
4.485400000000000000e+04 7.441190000000000000e+05 4.000000000000000000e+00 1.365156504306374472e+03
5.534800000000000000e+04 8.762570000000000000e+05 4.000000000000000000e+00 1.107457491001623112e+03
5.086100000000000000e+04 8.298260000000000000e+05 4.000000000000000000e+00 2.311522894922306477e+03
3.998400000000000000e+04 6.608430000000000000e+05 4.000000000000000000e+00 1.367871694515333502e+03
5.170100000000000000e+04 8.393610000000000000e+05 4.000000000000000000e+00 9.620382057581595063e+02
2.536000000000000000e+04 4.257210000000000000e+05 4.000000000000000000e+00 4.978822892268626106e+02
5.505900000000000000e+04 8.737810000000000000e+05 4.000000000000000000e+00 6.553356794704664026e+02
4.268300000000000000e+04 7.085260000000000000e+05 4.000000000000000000e+00 2.748390142428836498e+03
4.873000000000000000e+04 8.028910000000000000e+05 4.000000000000000000e+00 2.279355816343731931e+03
3.889800000000000000e+04 6.425430000000000000e+05 4.000000000000000000e+00 1.249040560599008131e+03
5.397000000000000000e+04 8.632800000000000000e+05 4.000000000000000000e+00 1.596828092118061022e+03
5.358700000000000000e+04 8.594570000000000000e+05 4.000000000000000000e+00 2.937035830348346281e+03
4.956700000000000000e+04 8.138340000000000000e+05 4.000000000000000000e+00 1.622296620896399190e+03
5.031100000000000000e+04 8.231500000000000000e+05 4.000000000000000000e+00 1.914731159225590773e+03
4.960400000000000000e+04 8.143000000000000000e+05 4.000000000000000000e+00 3.375195318422328000e+03
5.062000000000000000e+04 8.268080000000000000e+05 4.000000000000000000e+00 9.728138221543024429e+02
5.042300000000000000e+04 8.245970000000000000e+05 4.000000000000000000e+00 1.816844328086476480e+03
5.223800000000000000e+04 8.453020000000000000e+05 4.000000000000000000e+00 2.274027132300206176e+03
2.536000000000000000e+04 4.257210000000000000e+05 4.000000000000000000e+00 4.978822892268626106e+02
5.406600000000000000e+04 8.642560000000000000e+05 4.000000000000000000e+00 6.807977914274546265e+02
5.276000000000000000e+04 8.509590000000000000e+05 4.000000000000000000e+00 1.090515460115077985e+03
4.763800000000000000e+04 7.878000000000000000e+05 4.000000000000000000e+00 9.108436288468715247e+02
5.286300000000000000e+04 8.521420000000000000e+05 4.000000000000000000e+00 1.239990637565461611e+03
5.288900000000000000e+04 8.524290000000000000e+05 4.000000000000000000e+00 2.564304048646776664e+03
3.401900000000000000e+04 5.630520000000000000e+05 4.000000000000000000e+00 2.857966934728251999e+03
5.071100000000000000e+04 8.280090000000000000e+05 4.000000000000000000e+00 2.422996759567581648e+03
5.081700000000000000e+04 8.293050000000000000e+05 4.000000000000000000e+00 1.095029401731075723e+03
5.191700000000000000e+04 8.418170000000000000e+05 4.000000000000000000e+00 2.306744878624117518e+03
4.099400000000000000e+04 6.782890000000000000e+05 4.000000000000000000e+00 2.086357127267524902e+03
5.083500000000000000e+04 8.295040000000000000e+05 4.000000000000000000e+00 1.205027468242425584e+03
3.400100000000000000e+04 5.627500000000000000e+05 4.000000000000000000e+00 2.122371708707472067e+02
5.143100000000000000e+04 8.367120000000000000e+05 4.000000000000000000e+00 1.954101749281600178e+03
4.360600000000000000e+04 7.240680000000000000e+05 4.000000000000000000e+00 1.820592463985796940e+03
4.965600000000000000e+04 8.150120000000000000e+05 4.000000000000000000e+00 3.001835990224996294e+03
5.263300000000000000e+04 8.495910000000000000e+05 4.000000000000000000e+00 2.886428161456647103e+03
4.480600000000000000e+04 7.433760000000000000e+05 4.000000000000000000e+00 1.932627380989413496e+03
5.066500000000000000e+04 8.274170000000000000e+05 4.000000000000000000e+00 1.067837616566303495e+03
5.112300000000000000e+04 8.330670000000000000e+05 4.000000000000000000e+00 3.079570120162877629e+03
5.561600000000000000e+04 8.786000000000000000e+05 4.000000000000000000e+00 1.599468554317339567e+03
4.542000000000000000e+04 7.532580000000000000e+05 4.000000000000000000e+00 7.756340425540578281e+02
5.007200000000000000e+04 8.202670000000000000e+05 4.000000000000000000e+00 1.800311171020165602e+03
5.591500000000000000e+04 8.813650000000000000e+05 4.000000000000000000e+00 1.397879353699738886e+03
5.133900000000000000e+04 8.357220000000000000e+05 4.000000000000000000e+00 7.115107750468804397e+02
4.960500000000000000e+04 8.143290000000000000e+05 4.000000000000000000e+00 2.857938077476049784e+03
4.799300000000000000e+04 7.928660000000000000e+05 4.000000000000000000e+00 1.304417704140433671e+03
4.853400000000000000e+04 8.002310000000000000e+05 4.000000000000000000e+00 3.094389661144827642e+03
5.006800000000000000e+04 8.202060000000000000e+05 4.000000000000000000e+00 1.692061196809973580e+03
4.989100000000000000e+04 8.180900000000000000e+05 4.000000000000000000e+00 3.496725450960445414e+03
3.392400000000000000e+04 5.616770000000000000e+05 4.000000000000000000e+00 1.871465915753777381e+03
5.447600000000000000e+04 8.682790000000000000e+05 4.000000000000000000e+00 9.616006225685478057e+02
5.157400000000000000e+04 8.381930000000000000e+05 4.000000000000000000e+00 8.207663703468745098e+02
5.082100000000000000e+04 8.293480000000000000e+05 4.000000000000000000e+00 4.049823514673201316e+03
4.945000000000000000e+04 8.122710000000000000e+05 4.000000000000000000e+00 1.882928114966902513e+03
5.213800000000000000e+04 8.442090000000000000e+05 4.000000000000000000e+00 1.400761697481010742e+03
5.339100000000000000e+04 8.574700000000000000e+05 4.000000000000000000e+00 1.433582907656547150e+03
4.855800000000000000e+04 8.005370000000000000e+05 4.000000000000000000e+00 2.823226190902882536e+03
5.067600000000000000e+04 8.275320000000000000e+05 4.000000000000000000e+00 1.538618028459305378e+03
5.471300000000000000e+04 8.705570000000000000e+05 4.000000000000000000e+00 1.228280562666771175e+03
5.111800000000000000e+04 8.330230000000000000e+05 4.000000000000000000e+00 2.161567920515105925e+03
5.088600000000000000e+04 8.301810000000000000e+05 4.000000000000000000e+00 1.875787622073725061e+03
5.110400000000000000e+04 8.328650000000000000e+05 4.000000000000000000e+00 2.596473425629463236e+03
4.859600000000000000e+04 8.010050000000000000e+05 4.000000000000000000e+00 3.520067246783078190e+03
5.008300000000000000e+04 8.204210000000000000e+05 4.000000000000000000e+00 2.572198573205420416e+03
4.556800000000000000e+04 7.555050000000000000e+05 4.000000000000000000e+00 2.775708834018798825e+03
3.661500000000000000e+04 6.040670000000000000e+05 4.000000000000000000e+00 1.596214354535442681e+03
5.081100000000000000e+04 8.292240000000000000e+05 4.000000000000000000e+00 1.492071390116144812e+03
5.081100000000000000e+04 8.292240000000000000e+05 4.000000000000000000e+00 1.492071390116144812e+03
3.400100000000000000e+04 5.627500000000000000e+05 4.000000000000000000e+00 2.122371708707472067e+02
4.874000000000000000e+04 8.030180000000000000e+05 4.000000000000000000e+00 1.221566808958887805e+03
5.177100000000000000e+04 8.401600000000000000e+05 4.000000000000000000e+00 1.249818679926585901e+03
5.200900000000000000e+04 8.427860000000000000e+05 4.000000000000000000e+00 1.641409103103184407e+03
5.191700000000000000e+04 8.418170000000000000e+05 4.000000000000000000e+00 2.306744878624117518e+03
5.427100000000000000e+04 8.663760000000000000e+05 4.000000000000000000e+00 7.214748625391869155e+02
4.478400000000000000e+04 7.430930000000000000e+05 4.000000000000000000e+00 6.273090502545376239e+02
3.865400000000000000e+04 6.382150000000000000e+05 4.000000000000000000e+00 5.780932094299867003e+02
5.127700000000000000e+04 8.350060000000000000e+05 4.000000000000000000e+00 5.008122964245187177e+03
5.316200000000000000e+04 8.551380000000000000e+05 4.000000000000000000e+00 1.673938546605728789e+03
5.693000000000000000e+04 8.901940000000000000e+05 4.000000000000000000e+00 7.565428487741127128e+02
5.202000000000000000e+04 8.429080000000000000e+05 4.000000000000000000e+00 3.125059699742250359e+03
5.403100000000000000e+04 8.639050000000000000e+05 4.000000000000000000e+00 3.953080240482769568e+03
5.314100000000000000e+04 8.549230000000000000e+05 4.000000000000000000e+00 4.884031931329892359e+03
3.394400000000000000e+04 5.620320000000000000e+05 4.000000000000000000e+00 2.505063429367857225e+03
5.042100000000000000e+04 8.245800000000000000e+05 4.000000000000000000e+00 3.256960076129273148e+03
5.420600000000000000e+04 8.657190000000000000e+05 4.000000000000000000e+00 9.272910383476186098e+02
5.174500000000000000e+04 8.399030000000000000e+05 4.000000000000000000e+00 1.143763276049998467e+03
5.001200000000000000e+04 8.195010000000000000e+05 4.000000000000000000e+00 2.416598578063804325e+03
5.172200000000000000e+04 8.396300000000000000e+05 4.000000000000000000e+00 2.802665434735744384e+03
5.156900000000000000e+04 8.381480000000000000e+05 4.000000000000000000e+00 1.075561771819731348e+03
5.206900000000000000e+04 8.434680000000000000e+05 4.000000000000000000e+00 7.122999143399849800e+02
5.584700000000000000e+04 8.807430000000000000e+05 4.000000000000000000e+00 1.065139097086656648e+03
5.693000000000000000e+04 8.901940000000000000e+05 4.000000000000000000e+00 7.565428487741127128e+02
5.463900000000000000e+04 8.699000000000000000e+05 4.000000000000000000e+00 1.500302229969015343e+03
4.961800000000000000e+04 8.145470000000000000e+05 4.000000000000000000e+00 2.775421189178995519e+03
4.219700000000000000e+04 7.004350000000000000e+05 4.000000000000000000e+00 2.941781997248595871e+03
4.800800000000000000e+04 7.930970000000000000e+05 4.000000000000000000e+00 3.486172563231057211e+03
5.581000000000000000e+04 8.804030000000000000e+05 4.000000000000000000e+00 1.829243783195497144e+03
5.173500000000000000e+04 8.397910000000000000e+05 4.000000000000000000e+00 3.105205043866857977e+03
5.149700000000000000e+04 8.373470000000000000e+05 4.000000000000000000e+00 2.111942500400993595e+03
5.415000000000000000e+04 8.651870000000000000e+05 4.000000000000000000e+00 1.435899169782213448e+03
4.967200000000000000e+04 8.152210000000000000e+05 4.000000000000000000e+00 2.343272431344678353e+03
4.442300000000000000e+04 7.374630000000000000e+05 4.000000000000000000e+00 2.656375655851408283e+03
4.607200000000000000e+04 7.636390000000000000e+05 4.000000000000000000e+00 1.332745314836540729e+03
5.321700000000000000e+04 8.557000000000000000e+05 4.000000000000000000e+00 2.475308474995938468e+03
5.996000000000000000e+04 9.136150000000000000e+05 4.000000000000000000e+00 7.941244544590739451e+02
5.207500000000000000e+04 8.435030000000000000e+05 4.000000000000000000e+00 2.342591773815915985e+03
5.154600000000000000e+04 8.379010000000000000e+05 4.000000000000000000e+00 3.040236154478793196e+03
5.171100000000000000e+04 8.394920000000000000e+05 4.000000000000000000e+00 1.173313024732187614e+03
5.249400000000000000e+04 8.481180000000000000e+05 4.000000000000000000e+00 1.188622600954567133e+03
2.009500000000000000e+04 3.334530000000000000e+05 4.000000000000000000e+00 2.195924558198314287e+02
5.531300000000000000e+04 8.759830000000000000e+05 4.000000000000000000e+00 8.438135161278231635e+02
4.986100000000000000e+04 8.177340000000000000e+05 4.000000000000000000e+00 1.074580694151634361e+03
5.200900000000000000e+04 8.427860000000000000e+05 4.000000000000000000e+00 1.641409103103184407e+03
5.060700000000000000e+04 8.266360000000000000e+05 4.000000000000000000e+00 2.579009887534361496e+03
5.303200000000000000e+04 8.539150000000000000e+05 4.000000000000000000e+00 2.230634591251444817e+03
5.090300000000000000e+04 8.304410000000000000e+05 4.000000000000000000e+00 2.163420468389553662e+03
5.133600000000000000e+04 8.356660000000000000e+05 4.000000000000000000e+00 1.767472520118771172e+03
4.819200000000000000e+04 7.956030000000000000e+05 4.000000000000000000e+00 1.931313360117319689e+03
3.582900000000000000e+04 5.914700000000000000e+05 4.000000000000000000e+00 8.587804995877397687e+02
4.062900000000000000e+04 6.720420000000000000e+05 4.000000000000000000e+00 4.239761667829926409e+03
3.938300000000000000e+04 6.502330000000000000e+05 4.000000000000000000e+00 2.210624204834462489e+03
5.323700000000000000e+04 8.559040000000000000e+05 4.000000000000000000e+00 5.068401965590559257e+02
5.401500000000000000e+04 8.637340000000000000e+05 4.000000000000000000e+00 9.608763811864016589e+02
5.290900000000000000e+04 8.526150000000000000e+05 4.000000000000000000e+00 1.021953774199969644e+03
1.198400000000000000e+04 1.982150000000000000e+05 4.000000000000000000e+00 2.865229218851870314e+02
3.290800000000000000e+04 5.454380000000000000e+05 4.000000000000000000e+00 2.426767616327695976e+02
4.936600000000000000e+04 8.113010000000000000e+05 4.000000000000000000e+00 1.472856824868764988e+03
5.042900000000000000e+04 8.246720000000000000e+05 4.000000000000000000e+00 2.935803818803293325e+03
4.834100000000000000e+04 7.977360000000000000e+05 4.000000000000000000e+00 2.359929095531791518e+03
5.154300000000000000e+04 8.378550000000000000e+05 4.000000000000000000e+00 1.622633478716003765e+03
5.076900000000000000e+04 8.287770000000000000e+05 4.000000000000000000e+00 4.429214401950398496e+03
5.352300000000000000e+04 8.587570000000000000e+05 4.000000000000000000e+00 2.479635423208671909e+03
5.094000000000000000e+04 8.308560000000000000e+05 4.000000000000000000e+00 1.461263740311789206e+03
5.139000000000000000e+04 8.362520000000000000e+05 4.000000000000000000e+00 1.520294605495921587e+03
3.466000000000000000e+04 5.730640000000000000e+05 4.000000000000000000e+00 1.183537885439047159e+03
4.279400000000000000e+04 7.101650000000000000e+05 4.000000000000000000e+00 1.426729454907271474e+03
3.020700000000000000e+04 5.023750000000000000e+05 4.000000000000000000e+00 2.680020291835201078e+02
4.171700000000000000e+04 6.916560000000000000e+05 4.000000000000000000e+00 1.252443025151244228e+03
4.485400000000000000e+04 7.441190000000000000e+05 4.000000000000000000e+00 1.365156504306374472e+03
4.052700000000000000e+04 6.703570000000000000e+05 4.000000000000000000e+00 1.316255552576132459e+03
4.767000000000000000e+04 7.882290000000000000e+05 4.000000000000000000e+00 1.031130068783759270e+03
5.275300000000000000e+04 8.508750000000000000e+05 4.000000000000000000e+00 2.650935173655115250e+03
5.401500000000000000e+04 8.637340000000000000e+05 4.000000000000000000e+00 9.608763811864016589e+02
5.531800000000000000e+04 8.760200000000000000e+05 4.000000000000000000e+00 1.375596521172723897e+03
5.065900000000000000e+04 8.273340000000000000e+05 4.000000000000000000e+00 2.092243387042960421e+03
5.123600000000000000e+04 8.344890000000000000e+05 4.000000000000000000e+00 1.326734754717385158e+03
4.906700000000000000e+04 8.073200000000000000e+05 4.000000000000000000e+00 2.243262147520882081e+03
4.084100000000000000e+04 6.756050000000000000e+05 4.000000000000000000e+00 9.365916245054457931e+02
5.017800000000000000e+04 8.214360000000000000e+05 4.000000000000000000e+00 2.975239739552512219e+03
5.416900000000000000e+04 8.653790000000000000e+05 4.000000000000000000e+00 3.237220856691739755e+03
5.632900000000000000e+04 8.850530000000000000e+05 4.000000000000000000e+00 8.754699273818604297e+02
5.044200000000000000e+04 8.248310000000000000e+05 4.000000000000000000e+00 6.699747905486467516e+02
5.659200000000000000e+04 8.873230000000000000e+05 4.000000000000000000e+00 5.924251088451171654e+02
5.120600000000000000e+04 8.341030000000000000e+05 4.000000000000000000e+00 2.322695295879336754e+03
5.152600000000000000e+04 8.376800000000000000e+05 4.000000000000000000e+00 7.088150605334669763e+02
4.826800000000000000e+04 7.965970000000000000e+05 4.000000000000000000e+00 2.507858704403020965e+03
3.427300000000000000e+04 5.673830000000000000e+05 4.000000000000000000e+00 5.672203482573354449e+02
5.618500000000000000e+04 8.838120000000000000e+05 4.000000000000000000e+00 1.412578006695559452e+03
4.922100000000000000e+04 8.092400000000000000e+05 4.000000000000000000e+00 2.490939525309677265e+03
5.223800000000000000e+04 8.453020000000000000e+05 4.000000000000000000e+00 2.274027132300206176e+03
2.300000000000000000e+04 3.839860000000000000e+05 4.000000000000000000e+00 2.813591524302168523e+02
5.163700000000000000e+04 8.387990000000000000e+05 4.000000000000000000e+00 1.976965714801346849e+03
5.081700000000000000e+04 8.293050000000000000e+05 4.000000000000000000e+00 1.095029401731075723e+03
5.223800000000000000e+04 8.453020000000000000e+05 4.000000000000000000e+00 2.274027132300206176e+03
5.110600000000000000e+04 8.328760000000000000e+05 4.000000000000000000e+00 1.477404118610578507e+03
5.307800000000000000e+04 8.543230000000000000e+05 4.000000000000000000e+00 2.412772128434427941e+03
4.092200000000000000e+04 6.770700000000000000e+05 4.000000000000000000e+00 5.618110016388963004e+02
5.184300000000000000e+04 8.410140000000000000e+05 4.000000000000000000e+00 2.051156400210622451e+03
3.660000000000000000e+04 6.035630000000000000e+05 4.000000000000000000e+00 2.121936291456461277e+03
5.129900000000000000e+04 8.352510000000000000e+05 4.000000000000000000e+00 1.235026641657186019e+03
5.352000000000000000e+04 8.587270000000000000e+05 4.000000000000000000e+00 2.088041243456412303e+03
4.274100000000000000e+04 7.092860000000000000e+05 4.000000000000000000e+00 3.004277389458653033e+03
1.769900000000000000e+04 2.948890000000000000e+05 4.000000000000000000e+00 1.999813770016121737e+02
5.705000000000000000e+04 8.911650000000000000e+05 4.000000000000000000e+00 5.564674978575792466e+02
5.644600000000000000e+04 8.859940000000000000e+05 4.000000000000000000e+00 1.545169671104115423e+03
5.296200000000000000e+04 8.531910000000000000e+05 4.000000000000000000e+00 7.662600551125950687e+02
5.074800000000000000e+04 8.284880000000000000e+05 4.000000000000000000e+00 1.844473667303222783e+03
5.468700000000000000e+04 8.703210000000000000e+05 4.000000000000000000e+00 2.065210098270875733e+03
5.373600000000000000e+04 8.609610000000000000e+05 4.000000000000000000e+00 4.101305872924043570e+02
5.505600000000000000e+04 8.737360000000000000e+05 4.000000000000000000e+00 5.981204643244954013e+02
3.470100000000000000e+04 5.737400000000000000e+05 4.000000000000000000e+00 4.058570154527176328e+02
3.803100000000000000e+04 6.276850000000000000e+05 4.000000000000000000e+00 1.411694966941336133e+03
5.045300000000000000e+04 8.249610000000000000e+05 4.000000000000000000e+00 1.376482870142914180e+03
5.156100000000000000e+04 8.380660000000000000e+05 4.000000000000000000e+00 3.526636331194357808e+03
5.184500000000000000e+04 8.410530000000000000e+05 4.000000000000000000e+00 2.617071863863313865e+03
5.077300000000000000e+04 8.288160000000000000e+05 4.000000000000000000e+00 2.362343853966860479e+03
5.177100000000000000e+04 8.401600000000000000e+05 4.000000000000000000e+00 1.249818679926585901e+03
4.837000000000000000e+04 7.981450000000000000e+05 4.000000000000000000e+00 2.831986427403916878e+03
5.218100000000000000e+04 8.447020000000000000e+05 4.000000000000000000e+00 3.509269244427222816e+02
5.053200000000000000e+04 8.257540000000000000e+05 4.000000000000000000e+00 8.179173831770083325e+02
5.171800000000000000e+04 8.395940000000000000e+05 4.000000000000000000e+00 4.754844419739999921e+02
5.404700000000000000e+04 8.640520000000000000e+05 4.000000000000000000e+00 1.092002010357581639e+03
5.191300000000000000e+04 8.417670000000000000e+05 4.000000000000000000e+00 1.800039860868964979e+03
1.530200000000000000e+04 2.538930000000000000e+05 4.000000000000000000e+00 4.655597831287300323e+02
3.845700000000000000e+04 6.348060000000000000e+05 4.000000000000000000e+00 5.645070614909476490e+02
4.933800000000000000e+04 8.109100000000000000e+05 4.000000000000000000e+00 8.112894780455986847e+02
4.621200000000000000e+04 7.655370000000000000e+05 4.000000000000000000e+00 5.917128341729626300e+02
5.296200000000000000e+04 8.531910000000000000e+05 4.000000000000000000e+00 7.662600551125950687e+02
5.352000000000000000e+04 8.587270000000000000e+05 4.000000000000000000e+00 2.088041243456412303e+03
5.007100000000000000e+04 8.202440000000000000e+05 4.000000000000000000e+00 1.742997879911217751e+03
4.029000000000000000e+03 6.398000000000000000e+04 4.000000000000000000e+00 3.350207688000010648e+02
5.090300000000000000e+04 8.304410000000000000e+05 4.000000000000000000e+00 2.163420468389553662e+03
4.327700000000000000e+04 7.184930000000000000e+05 4.000000000000000000e+00 1.539034336036723971e+03
4.646100000000000000e+04 7.698620000000000000e+05 4.000000000000000000e+00 1.686773125860440132e+03
5.191000000000000000e+04 8.417410000000000000e+05 4.000000000000000000e+00 8.491418490940205857e+02
4.824100000000000000e+04 7.962160000000000000e+05 4.000000000000000000e+00 6.173419884814149555e+03
4.393500000000000000e+04 7.295950000000000000e+05 4.000000000000000000e+00 3.569666743023779873e+03
4.887000000000000000e+04 8.047530000000000000e+05 4.000000000000000000e+00 2.563577163847423435e+03
5.046800000000000000e+04 8.251070000000000000e+05 4.000000000000000000e+00 2.966254021805111734e+03
4.683500000000000000e+04 7.755540000000000000e+05 4.000000000000000000e+00 1.994231348634104734e+03
5.127300000000000000e+04 8.349590000000000000e+05 4.000000000000000000e+00 6.075941145108971796e+03
4.887500000000000000e+04 8.048280000000000000e+05 4.000000000000000000e+00 1.502953342589183649e+03
5.004900000000000000e+04 8.199900000000000000e+05 4.000000000000000000e+00 3.842257791650632953e+03
5.105400000000000000e+04 8.323180000000000000e+05 4.000000000000000000e+00 2.485622516701243967e+03
5.189100000000000000e+04 8.414890000000000000e+05 4.000000000000000000e+00 2.850394084596022822e+03
5.178300000000000000e+04 8.403550000000000000e+05 4.000000000000000000e+00 2.873915306250342383e+03
5.485400000000000000e+04 8.717960000000000000e+05 4.000000000000000000e+00 9.991126746862688606e+02
5.134900000000000000e+04 8.358160000000000000e+05 4.000000000000000000e+00 3.152339314897747499e+03
4.952500000000000000e+04 8.132850000000000000e+05 4.000000000000000000e+00 1.736530214968918926e+03
5.211200000000000000e+04 8.439230000000000000e+05 4.000000000000000000e+00 2.210447492433177558e+03
2.782600000000000000e+04 4.652630000000000000e+05 4.000000000000000000e+00 5.404022770989681703e+02
1.110900000000000000e+04 1.849710000000000000e+05 4.000000000000000000e+00 4.266275585689100467e+02
4.919500000000000000e+04 8.088990000000000000e+05 4.000000000000000000e+00 4.620316716687287908e+02
5.185500000000000000e+04 8.411440000000000000e+05 4.000000000000000000e+00 1.129136319549149903e+03
4.991000000000000000e+04 8.182990000000000000e+05 4.000000000000000000e+00 4.125774135692597156e+03
5.439000000000000000e+04 8.675040000000000000e+05 4.000000000000000000e+00 3.878396438929367832e+03
5.080500000000000000e+04 8.291460000000000000e+05 4.000000000000000000e+00 1.247423199312724819e+03
5.223800000000000000e+04 8.453020000000000000e+05 4.000000000000000000e+00 2.274027132300206176e+03
5.128400000000000000e+04 8.350770000000000000e+05 4.000000000000000000e+00 8.482374936909620828e+02
5.995000000000000000e+03 9.682300000000000000e+04 4.000000000000000000e+00 3.733220951387019113e+02
5.015300000000000000e+04 8.211420000000000000e+05 4.000000000000000000e+00 1.779559013140615207e+03
4.436700000000000000e+04 7.364090000000000000e+05 4.000000000000000000e+00 1.850043242737855508e+03
5.172500000000000000e+04 8.396730000000000000e+05 4.000000000000000000e+00 2.017799676076859441e+03
5.099100000000000000e+04 8.315410000000000000e+05 4.000000000000000000e+00 1.111874697863927395e+03
6.186600000000000000e+04 9.268800000000000000e+05 4.000000000000000000e+00 1.537934304767680942e+03
5.046800000000000000e+04 8.251070000000000000e+05 4.000000000000000000e+00 2.966254021805111734e+03
4.659300000000000000e+04 7.718380000000000000e+05 4.000000000000000000e+00 1.949406839403385220e+03
5.456000000000000000e+04 8.690950000000000000e+05 4.000000000000000000e+00 5.632429607305358559e+02
5.127700000000000000e+04 8.350060000000000000e+05 4.000000000000000000e+00 5.008122964245187177e+03
4.431000000000000000e+04 7.356650000000000000e+05 4.000000000000000000e+00 1.961826540497400856e+03
5.197100000000000000e+04 8.423840000000000000e+05 4.000000000000000000e+00 1.935633677055265707e+03
5.038600000000000000e+04 8.241250000000000000e+05 4.000000000000000000e+00 3.322132022923588465e+03
5.156100000000000000e+04 8.380660000000000000e+05 4.000000000000000000e+00 3.526636331194357808e+03
5.374900000000000000e+04 8.610870000000000000e+05 4.000000000000000000e+00 1.452845634436088403e+03
5.088300000000000000e+04 8.300960000000000000e+05 4.000000000000000000e+00 2.510057064839363193e+03
5.252600000000000000e+04 8.484340000000000000e+05 4.000000000000000000e+00 5.522312977820072319e+02
4.816300000000000000e+04 7.951470000000000000e+05 4.000000000000000000e+00 3.545438195766497756e+03
3.517300000000000000e+04 5.813190000000000000e+05 4.000000000000000000e+00 9.365916245054457931e+02
5.206900000000000000e+04 8.434680000000000000e+05 4.000000000000000000e+00 7.122999143399849800e+02
5.238300000000000000e+04 8.469800000000000000e+05 4.000000000000000000e+00 1.565460799772705968e+03
4.922200000000000000e+04 8.092600000000000000e+05 4.000000000000000000e+00 1.796101722606272233e+03
4.919600000000000000e+04 8.089390000000000000e+05 4.000000000000000000e+00 2.696722255867846798e+03
5.188200000000000000e+04 8.413820000000000000e+05 4.000000000000000000e+00 3.224272107778746431e+03
3.332800000000000000e+04 5.519750000000000000e+05 4.000000000000000000e+00 1.759465685939910600e+03
5.262100000000000000e+04 8.494320000000000000e+05 4.000000000000000000e+00 6.505158286019785692e+02
5.229900000000000000e+04 8.460190000000000000e+05 4.000000000000000000e+00 1.662541277683053522e+03
5.367800000000000000e+04 8.603860000000000000e+05 4.000000000000000000e+00 1.847065798097079096e+03
5.090900000000000000e+04 8.305140000000000000e+05 4.000000000000000000e+00 1.151040824318602063e+03
5.258800000000000000e+04 8.491210000000000000e+05 4.000000000000000000e+00 1.575467840226635417e+03
5.181000000000000000e+04 8.406280000000000000e+05 4.000000000000000000e+00 2.032100348930878909e+03
5.169500000000000000e+04 8.392980000000000000e+05 4.000000000000000000e+00 6.206649284188213187e+02
5.075700000000000000e+04 8.285880000000000000e+05 4.000000000000000000e+00 2.688842804070181955e+03
5.553300000000000000e+04 8.779180000000000000e+05 4.000000000000000000e+00 2.200952328503220997e+03
5.283500000000000000e+04 8.518230000000000000e+05 4.000000000000000000e+00 2.857059039100395239e+03
4.933500000000000000e+04 8.108780000000000000e+05 4.000000000000000000e+00 7.424091537437425359e+02
5.295800000000000000e+04 8.531470000000000000e+05 4.000000000000000000e+00 1.910753741164726762e+03
5.157400000000000000e+04 8.381930000000000000e+05 4.000000000000000000e+00 8.207663703468745098e+02
5.127200000000000000e+04 8.349450000000000000e+05 4.000000000000000000e+00 3.017188777835047858e+03
4.392400000000000000e+04 7.293990000000000000e+05 4.000000000000000000e+00 1.957882098723005356e+03
4.380100000000000000e+04 7.272700000000000000e+05 4.000000000000000000e+00 1.906247515623381105e+03
5.362000000000000000e+04 8.598010000000000000e+05 4.000000000000000000e+00 6.428901364930851514e+02
5.141700000000000000e+04 8.365980000000000000e+05 4.000000000000000000e+00 2.389887758870696416e+03
5.241700000000000000e+04 8.473460000000000000e+05 4.000000000000000000e+00 1.821240316120445414e+03
3.873400000000000000e+04 6.395330000000000000e+05 4.000000000000000000e+00 5.743461096005449917e+02
5.290900000000000000e+04 8.526150000000000000e+05 4.000000000000000000e+00 1.021953774199969644e+03
5.150200000000000000e+04 8.374220000000000000e+05 4.000000000000000000e+00 1.707638459796159623e+03
5.185500000000000000e+04 8.411440000000000000e+05 4.000000000000000000e+00 1.129136319549149903e+03
4.885900000000000000e+04 8.046490000000000000e+05 4.000000000000000000e+00 5.124458479012684620e+03
5.277200000000000000e+04 8.511150000000000000e+05 4.000000000000000000e+00 1.970332249246673427e+03
5.143700000000000000e+04 8.367890000000000000e+05 4.000000000000000000e+00 1.760212646954907086e+03
5.192100000000000000e+04 8.418560000000000000e+05 4.000000000000000000e+00 1.792118715441132508e+03
5.251700000000000000e+04 8.483430000000000000e+05 4.000000000000000000e+00 1.273055130716940539e+03
4.387700000000000000e+04 7.285660000000000000e+05 4.000000000000000000e+00 1.236118891556350263e+03
2.248700000000000000e+04 3.750990000000000000e+05 4.000000000000000000e+00 3.473434168351978428e+02
5.083900000000000000e+04 8.295540000000000000e+05 4.000000000000000000e+00 1.260172954399514083e+03
5.093400000000000000e+04 8.307940000000000000e+05 4.000000000000000000e+00 5.247454478125560854e+03
4.446000000000000000e+04 7.380500000000000000e+05 4.000000000000000000e+00 3.381741877346643378e+03
5.037000000000000000e+04 8.238760000000000000e+05 4.000000000000000000e+00 9.369748362416142982e+02
5.307800000000000000e+04 8.543230000000000000e+05 4.000000000000000000e+00 2.412772128434427941e+03
5.676200000000000000e+04 8.888010000000000000e+05 4.000000000000000000e+00 1.917381266351942713e+03
4.642100000000000000e+04 7.691140000000000000e+05 4.000000000000000000e+00 1.692431424016937854e+03
4.858600000000000000e+04 8.008830000000000000e+05 4.000000000000000000e+00 2.481837354914700882e+03
4.340700000000000000e+04 7.208870000000000000e+05 4.000000000000000000e+00 1.175552742330177125e+03
3.466000000000000000e+04 5.730640000000000000e+05 4.000000000000000000e+00 1.183537885439047159e+03
5.485400000000000000e+04 8.717960000000000000e+05 4.000000000000000000e+00 9.991126746862688606e+02
5.015100000000000000e+04 8.211120000000000000e+05 4.000000000000000000e+00 1.589907484709888195e+03
5.037600000000000000e+04 8.239650000000000000e+05 4.000000000000000000e+00 6.749704391675238639e+02
5.137000000000000000e+04 8.360160000000000000e+05 4.000000000000000000e+00 3.660436217580975153e+03
5.264800000000000000e+04 8.497500000000000000e+05 4.000000000000000000e+00 1.026737933069157179e+03
4.965600000000000000e+04 8.150120000000000000e+05 4.000000000000000000e+00 3.001835990224996294e+03
4.797400000000000000e+04 7.926300000000000000e+05 4.000000000000000000e+00 1.460909659326970086e+03
5.184500000000000000e+04 8.410530000000000000e+05 4.000000000000000000e+00 2.617071863863313865e+03
5.313900000000000000e+04 8.548960000000000000e+05 4.000000000000000000e+00 2.233191270357288431e+03
5.156900000000000000e+04 8.381480000000000000e+05 4.000000000000000000e+00 1.075561771819731348e+03
